2020-03-01 24,38,51
2020-03-02 19
2020-03-05 39
2020-03-06 2,35,38
2020-03-07 33,52
2020-03-08 17,49
2020-03-12 7
2020-03-16 63
2020-03-17 16,47,48
2020-03-20 1,3,8:12
2020-03-21 3,5
2020-03-30 6:8,43
2020-03-31 5,43,45
2020-04-01 14,15,36,37
2020-04-02 13,41,52
2020-04-03 9,15,31:33,36,37,39
2020-04-04 11:15,20
2020-04-05 2,5,15:17,20
2020-04-07 1,9
2020-04-08 96,132,134,136,138,139,149,150,151,158
2020-04-09 17
2020-04-10 2,20,41,43,44,48
2020-04-11 2,22,24:26
2020-04-12 33,35
2020-04-14 45
2020-04-15 49,53,60
2020-04-16 1:4,52
2020-04-17 6,8,15,18
2020-04-18 1,6,11,17,32,41
2020-04-19 1
2020-04-20 16,29,30,48,62
2020-04-21 2,3,17,27,41,45,46,48,51
2020-04-22 2,4,32,33,41,48,56
2020-04-23 15,16,31,32,47,60
2020-04-24 13:16,31,32,47,61:64
2020-04-25 12,33,48,55
2020-04-26 17,18,42
2020-04-27 1,15,21,24,25:27,29,32,40,59
2020-04-28 1,6,17,34,39,50,60
2020-04-30 26:28,32,37,45:47,49
2020-05-01 4,16,17,30:36,57
2020-05-02 13,14,16,18,19,46,47,61:64
2020-05-03 14,29:33,44,45,48,49,60,61
2020-05-04 8,20,21,51,57
2020-05-05 3,5,22,44
2020-05-06 16,33,38,60,64
2020-05-07 13,19,21,24,44,48
2020-05-08 1,2,18,30,33,48,52
2020-05-09 1,2,25,30,46,48,56
2020-05-10 3,6,31,32,35,41,50
2020-05-11 37:39,64
2020-05-12 33,41,50
2020-05-13 15,49,54
2020-05-14 1,6,7,9,10,13,14,16,20,28,30,32:34,45,49:51,58,63
2020-05-15 3,4,7,11,23,25,26,33,34,36,55,58,63
2020-05-16 9,44,45,47,48,55:57,59,60,61
2020-05-17 13,15,26,31,32,51,52,61
2020-05-18 30,47,48,57
2020-05-19 20,34,45,53,57,68,69,86,92
2020-05-20 14,17,48,62,92
2020-05-21 41,50,65
2020-05-30 1,3,4,22,25,29,31,46,48,83,91
2020-05-31 14,17,18,20,65,74,88,94:98,101,121,122,142,153,154,157
2020-06-01 15,29,30,34,41,51,63,84,94,114,119,128,130,135,140,148,157
2020-06-02 6,14,31,313,434,898,1039
2020-06-03 51,58,737,745,750,777,783,786
2020-06-04 4,5,7,11,27,30,41,43,44,57:59,65,67,72,73,86,96,118,119,123,127,129,130,136,160
2020-06-05 1,17,21,22,51,52,67,69,84,101,109,110,134,153,155,162,165,166
2020-06-06 1:4,9:11,13,28,54,57,60,63,72,86,100,103
2020-06-07 2,14,26,38:40,51,134:136
2020-06-08 1,23,43,58
2020-06-09 18,25,28,31,35,48,57,75,81,87
2020-06-10 2,22,43,45,52,56,66,87,101,105
2020-06-11 44,48,49,64:66,76,81,82,92
2020-06-12 17:19,33:35,49:51,82
2020-06-13 3,8,9,18,40,51,64,74,76,79,81,85,86
2020-06-14 3,15,17,25,26,50,79:82,98:100
2020-06-15 1:16,49,51,52,80,84,94
2020-06-16 1,3,4,10,14,15,47,48,66,75,87,88
2020-06-17 33,51,63,68,69,75,94,95
2020-06-18 3,48,55,76,81,84,85,95
2020-06-19 4,5,7,16,18,45:50,52,66,67,73,79
2020-06-20 12,17
2020-06-21 27,36,49,56,96
2020-06-22 16,32,47,48,74,76
2020-06-23 5,12,31,44,60,65,82
2020-06-24 13,19,43,58,65,90
2020-06-25 1,37,41,44,53,57,74,83
2020-06-26 6,11,22,47,49,89
2020-06-27 2,17,18,51,52,72,87
2020-06-28 2,3,32,61,65,82
2020-06-29 1,33,37,39,87,94,155,173,281,361,470,517,523,563,564
2020-06-30 4,35,61,81,103,107,109,111,115,126,130,131,204,211,214,215,263,273,333,372,
2020-07-01 33,37:40,56,67,146,160,165,173,177,179,199,217,220,245,265,266
2020-07-02 107,153,196,232,240,335,376,393
2020-07-03 19,21,89,116,130,139:141,146,197,220,246,249,266:268,271,291,338,343,457
2020-07-04 97,98,177,184,301,390,405,407,411,412,452,474,479,484,505,506
2020-07-05 1,11,147,172,185,190,234,236
2020-07-06 12,13,15,18,47,58,139,162,167,174,175,183,207,216,217,242
2020-07-07 21,27,48,56,125,159,179,192,204,205,218,221,243,244,246,310,311,335,338,339
2020-07-08 13,14,35,69,110:113,144,147,151,190,202:204,222,224
2020-07-09 1:4,11,43,57,176,177,185,127,240,252,287
2020-07-10 52,82,119,143,170,196,212,252:254,259,262,294,367,401
2020-07-11 16,139,173,221,263,264,304,305,309,310
2020-07-12 32,82:85,91:93,100,225,259,298,330,336,369
2020-07-13 26,133,173,174,190,215,224,229,247,208,250:252,255
2020-07-14 51,127,128,208,320,352,415,608,688
2020-07-15 16,96,224,272,400,480,655,673,702,766
2020-07-16 31,32,80,109,112,288,304,352,456,457,461,558,559,640
2020-07-17 80,556,576,639
2020-07-18 158,255,352,361,362,419,421,447,464,544,561,602,717,731
2020-07-19 59,60,140,222,303,368,399,656
2020-07-20 48,256:261,293,294,297,324,347
2020-07-21 1:4,6,12,47,48,52,75,96,98,99,115,119,139,193,200,211,213
2020-07-22 51,77,93,149,163,176,241,267,272
2020-07-23 32,33,75,78,85,126,128,161,180,193,217,244,484
2020-07-24 11,13,64,144,256,448,668,720,752,768
2020-07-25 47,61,128,511,512,544,640
2020-07-26 64,191,448,528,719,720
2020-07-27 21,25,158,175,176,192,202,205
2020-07-28 45,47,52,140,144,163,166,173,188,198,211,223,229,230,232
2020-07-29 1,136,179,180,188,197,221,225,232,244
2020-07-30 29,41,44,45,47,52,131,146,147
2020-07-31 30,38,137,176,177,218,224,264
2020-08-01 37,63,74,98,114,115,120,122:124,133,144
2020-08-02 29,45,53,62,71,109,232
2020-08-03 14,21,22,26,34,38,78,86
2020-08-04 15,24,25,46,75
2020-08-05 1,18,37,49,69,83
2020-08-06 11,41:43,64,84
2020-08-07 78
2020-08-08 9,16,31,47,48,64,80,93
2020-08-09 13,31,32,87
2020-08-10 64,68,144,171
2020-08-11 7,86,106,136
2020-08-12 2,31,35,44
2020-08-13 10,13,16,27,41,72,73,92,104:106,115,121
2020-08-19 4,5,8,9,13,14,28,37,43
2020-08-20 1,7,8,23:26
2020-08-21 11,12,75
2020-08-22 54,58,59,72,75
2020-08-23 5,14,56,57,73,79,80,81,113
2020-08-24 33,42,53:56,90,91,103
2020-08-25 1,3,35:37,43,44,50,56
2020-08-26 1:3,8,77,86
2020-08-27 5,17,51,104,105,122,123
2020-08-28 1,25,28,35:37
2020-08-29 3,5,8,13,19
2020-08-30 1,2,4
2020-08-31 1:3,5,13,37,51,59
2020-09-01 32,34,40,45,77,79:81
2020-09-02 17,:20,38,47,49,54
2020-09-03 14,48
2020-09-04 96,109,141,173
2020-09-05 42,48,55,59,68,69,71,73,78,79
2020-09-06 1,9,15,27,31
2020-09-14 10,12,17,18,32:35,48,52
2020-09-15 1:3,5,7,8,13
2020-09-16 1,4,5,7,9:11,13
2020-09-17 2:4,8,11,12,19,32,38,70
2020-09-18 1,3:5
2020-09-19 2:4,7:15
2020-09-20 3,6
2020-09-21 6,9,10,26
2020-09-22 2
2020-09-23 1,4,5,7,8
2020-09-24 1,2,4,6,7,11,13,23:27
2020-09-25 1,2
2020-09-26 5,6,15
2020-09-27 1:9
2020-09-28 2:5,10,12,13
2020-09-29 6,9
2020-09-30 2,29,30,35,36
2020-10-01 2,4,14,17,18,22
2020-10-02 2,17,21,22,24,26
2020-10-03 16,17,19,22,24,25,28,29:33
2020-10-04 7,8,14,15,21,29
2020-10-05 2,6,7,26
2020-10-06 6,9,10
2020-10-07 8,9,21,23,33,36,44
2020-10-08 1:5,8,19
2020-10-09 16,17,25,46,53,65,66
2020-10-10 19,32,38,58,60,85,86,88,89,91
2020-10-11 2,3,5,7:9,12,15,16
2020-10-12 1,4,5,9:11,13,25
2020-10-13 5,6,28,30,62
2020-10-14 62,69,86,87
2020-10-15 1,2,4,5,11,12,16,22
2020-10-16 3,11,13,21:23
2020-10-17 4,9:11,20:24
2020-10-18 3,7:11
2020-10-19 2,5:7,16,40
2020-10-20 6,7,9,19
2020-10-21 7,9,12,17:20
2020-10-22 1,3,4,36:38,101
2020-10-23 45,86:88
2020-10-24 1:3,6,12,17
2020-10-25 1,4:7,27:29
2020-10-27 2,3,20,32,34,36,50,51,55,59,68,72
2020-10-28 3,6,9,10,14,16,22,24,25
2020-10-29 5,12,13,15,18,19,24,25
2020-10-30 3,4,10,14
2020-10-31 3:9,11:14,17,31,49,50
2020-11-01 1,12,13,32,36,38,47
2020-11-02 1,4,6,9:15,18
2020-11-03 6,7,21,37,43,46,64
2020-11-04 11,14,15,31,68
2020-11-05 32:38
2020-11-06 1,3:6,9,10,13,36
2020-11-07 4,8,11:13,15,17:19
2020-11-08 1,15,16,19,23,26,32
2020-11-09 3,11,17,19,35,39,56:58,60,65:67,71,72
2020-11-10 4,5,71,89,91
2020-11-11 13,15,24,38,41,46,54,69
2020-11-12 1:3,8,9,13,23,31,32,48
2020-11-13 37,65,86,95,97,101,107,109,133
2020-11-14 1,3,59,80,103,119
2020-11-15 7:9,19,26,46,64,68
2020-11-16 16,24,76,81,92:94
2020-11-17 3:5,23,25,60,102
2020-11-18 19,48,50,52,53,98
2020-11-19 17,18,24:27,33,35,43,44,50,54,55
2020-11-20 1,3,9:11,37
2020-11-21 48,50,58,64,65
2020-11-22 1,25,40,41,44,67,107:109,113,114,128
2020-11-23 1,4,54,61,77,90,98,118
2020-11-24 1,18,19,73,81,84,87,93,104
2020-11-25 7,8,15,20,25,40,41,58
2020-11-26 1,23,24,29,39,41,64,95,107,108,112
2020-11-27 5,7,8,11,53,54,56,64,66,75,77,90,106,107
2020-11-28 1,3,4,17,22,25,45,58,59,62,63
2020-11-29 3,5,7:9,38,42,43
2020-11-30 6,56,94,102,122,139
2020-12-01 15,16,64,70,71,97:102,105,122
2020-12-02 1,2,26,32,33,42:44
2020-12-03 8,9,28,37,72,104,110,111,114,121
2020-12-04 5,13,15,16,20,24,28,32,34,52,67,83,92
2020-12-05 3,27,28,38,45,88,122
2020-12-06 42,53,65,68:70,76,114,116
2020-12-07 1,2,13,15,16,18,21,25,27,44,49:51,56
2020-12-08 1:4,15,37,60,84
2020-12-09 1,2,19,35,36,40,51:53,67,68,93,100,101
2020-12-10 25:29,37,38,65,77,96,97:99
2020-12-11 10,28,55,99,116,118,120,128,145
2020-12-12 32,46,49,77,106,107,138
2020-12-13 1,3,4,37,38,103,113
2020-12-14 2,3,16,39,74:78
2020-12-15 13,17,37,40,43,70,96,100,104,106,108,118,146
2020-12-16 1,14,19,45,78,83,113,132,139,182
2020-12-17 10,22,73,80,83,149,233,244,163:165,270,273,287
2020-12-18 2,27,41,42,90
2020-12-19 210,211,234,248,302,317,318
2020-12-20 10,35,38,48,77:79,82,107,131,143,158,192,209,210,212,213
2020-12-21 1,6,49,59
2020-12-22 1,3,8,18,27,30:34,55,70
2020-12-23 4,5,10,32,118,190,223,238
2020-12-24 57,71,115,131,138,164,180,186,205,253,254,256,258
2020-12-25 53,58,68,118,135,150,153,164,181,248,253,254,262,277
2020-12-26 1,23,24,48,67,85,88,131,233
2020-12-27 98,147,161:163,177,179,194,211,227:229,231,239,240,293,360,310,340,342,343
2020-12-28 7:9,14:16,29:35,39,43,44,47,48,67,99
2020-12-29 16,17,18,39,83:86,171,188,204,238,239,248,249
2020-12-30 3,5,9,112,122,123,175,178,180,208,210,212,215:217
2020-12-31 87,147,148,161,168,170,171,177:179,182,201,212,227:230,232
2021-01-01 4,19,21,23,38,60,92,93,102,115,120,148,150,164,174,180,184,194,223,236:238
2021-01-02 1,20,26,35,37,140,148,163,181,189,200,202,217,218,256,265,288:291,300
2021-01-03 3,25,34,35,42,43,48,51,57,67,70,71,76,82,100,110:113,121,133,152:154
2021-01-04 25,67,68,74,75,95,110,165,180,189
2021-01-05 31,34:38,137,174,183,188,197,198,212,229,245
2021-01-06 1,17,34,45:48,52,62,63,120,123,142,149,179,218
2021-01-07 5,55,62,63,78,80,95,101,103,111,121,124,166,182,191,195:197,202,218,220,224,229,231
2021-01-08 5,50,66,72,79,119,124,140,143,150,166,172,186,204,272,285,288,290,298
2021-01-09 9,22,36,41,57,68,83,115,153,158,173,190,205,206,208,223
2021-01-10 36,44,60,76,103,105,126,141,148,149,156,157,162,185,200,202,203,209,213,254,255
2021-01-11 4,11,15,18,19,23,25,33:35,39,46,47,51,54,55,57:61,77,84,93,105,115
2021-01-12 1,46,49,97,113,129,176,191,196,240,244,282,292,297,329,331
2021-01-13 16,18,32,47,65,85,112,113,138,144,247,272,281,321
2021-01-14 16,22,64,81,82,85,92,93,94,149,150,153,173,183,189:191,243
2021-01-15 1,32,34,40,57,86,87,102,160,171,176,190197,206
2021-01-16 3,20,24,31,32,62,102,115,138,146,169:171,176,177,179,223,255,264
2021-01-17 12,33,81,94,100,189,209,277,281:285
2021-01-24 20:23
2021-01-25 16,62,79:80,127,239,240,257,275,312,313,321,346,368
2021-01-26 16,65,85,131,175,192,209,225,226,242,304,335,336,383,384
2021-01-27 1,95,96,143,144,156,159,204,224,240,253,305
2021-01-28 92,96,99,100,112,144,145,147,161,162,255,272,284
2021-01-29 13